314.2
314.1
26.1
8639.1
1591.1
1594.1
10993.1
6818.1
89874.1
3945.1
3948.1
55293.1
3948.2
160287.1
92483.1
3939.1
9194.1
6566.1
9123.1
57835.1
8671.1
57835.2
57835.4
57835.3
1738.1
4967.1
1743.1
8050.1
4967.2
128.1
137872.1
130.1
127.1
131.1
126.1
124.1
125.1
1312.2
1312.1
117247.1
220.1
221.1
218.1
222.1
3242.1
18.2
18.1
2531.1
23498.1
55268.1
883.1
51166.2
51166.1
1644.1
4128.1
4129.1
8604.1
10165.1
2572.1
2571.1
51380.1
2571.2
2805.1
2806.1
8659.1
8659.2
6817.5
6817.1
6818.2
6799.1
6817.4
6817.3
6818.3
6799.2
6817.2
4363.1
6822.1
6573.2
6573.1
316.1
6570.1
6571.1
2348.2
2352.1
2348.3
2348.1
2348.4
2348.6
2348.5
4125.1
53947.1
51146.1
28.1
206358.1
6538.1
6529.1
6539.1
6540.1
3032.1
10449.1
38.1
3030.1
39.1
30.1
32.1
9197.1
79611.1
84532.1
64841.1
55577.1
5238.1
9487.1
162417.1
43.2
43.1
6572.1
47.1
47.2
54187.1
26503.1
54.1
140838.1
51205.1
36.1
34.1
35.1
84129.1
28976.1
80724.1
27034.1
3712.1
134526.1
51.1
51.2
95.1
50.1
48.1
8309.1
52.3
52.1
52.2
55.1
788.1
55902.2
55902.1
65985.1
438.1
1571.1
100.1
3177.1
205.1
204.3
204.2
204.1
205.3
205.2
26289.1
26289.2
50808.1
262.1
113.1
109.1
115.1
112.2
107.1
114.1
55811.1
196883.1
111.1
108.1
112.1
2030.1
9154.1
64078.1
9153.1
9154.2
55315.1
11164.1
952.1
1375.2
1375.1
1375.4
1374.1
126129.1
1375.3
1376.1
9061.1
9060.1
158.1
158.2
10331.1
374907.2
146712.1
10678.1
79369.1
10678.2
374907.1
11041.1
93010.1
79814.1
56894.2
10555.1
10554.1
137964.1
56895.1
55326.1
56894.1
129642.1
64850.1
64902.1
189.1
3074.1
3073.1
10606.1
8402.1
1468.1
64849.2
64849.1
1645.1
1109.1
6718.1
6510.1
6509.1
56301.1
6520.1
211.1
211.2
23464.1
212.1
59272.1
6542.1
6541.1
84889.1
54407.1
81539.1
340024.1
11254.1
57393.1
55089.1
2875.1
84706.1
92745.1
10991.1
284273.2
284273.1
10327.1
10327.2
8854.1
224.1
223.1
216.1
8854.3
8854.2
501.1
217.1
219.1
239.1
247.1
246.1
240.1
231.1
8574.1
23600.2
23600.1
115286.1
115286.3
115286.2
271.3
271.1
271.2
272.1
270.1
290.1
278.1
277.1
279.1
280.1
6519.1
276.1
11136.1
276.2
10998.1
113451.1
9057.1
384.1
445.1
445.2
83884.1
10166.1
410.1
427.2
427.1
9963.2
9963.1
9962.1
9962.2
80150.1
440.3
440.2
440.1
790.1
6505.1
6512.1
6511.1
6507.1
6506.1
9296.1
51606.2
533.1
90423.1
528.1
525.1
10312.1
127124.2
245973.1
50617.1
9114.1
23545.1
51606.3
528.2
8992.1
535.1
527.1
526.1
523.1
50617.3
10312.2
50617.2
529.1
9550.1
51606.1
534.1
51382.1
245972.1
127124.1
534.2
957.1
956.1
955.1
953.1
954.2
954.1
377841.1
293.1
291.1
292.1
4126.1
8706.4
8706.1
8706.2
8706.3
8705.1
10317.3
10317.5
10317.1
10317.2
10317.4
84002.1
570.1
3141.1
140679.1
8424.1
53630.1
622.3
622.2
622.1
635.1
23743.1
10599.1
1244.1
8714.1
28234.1
645.1
644.1
9488.1
10380.1
686.1
8884.1
80704.1
51733.1
7108.1
50814.1
3295.1
6307.1
493.1
492.1
491.1
490.1
847.1
6543.1
6547.2
6547.6
6547.1
6547.3
6547.5
6547.4
6546.1
166785.1
2538.1
57818.1
92579.1
1373.2
1373.1
873.1
10423.2
10423.1
8760.1
1040.1
56994.1
10390.1
64781.2
64781.1
10087.1
6565.1
9023.1
1103.4
1103.3
1103.2
1103.1
162466.1
9468.1
5130.1
6579.1
6555.1
6554.1
8647.1
8714.3
8714.2
55349.1
1120.1
1119.1
1119.2
1120.2
60482.1
6582.2
6584.1
6582.1
6820.1
10948.1
19.1
1118.1
27159.1
54682.1
27159.2
9058.1
6576.1
1159.1
548596.1
1160.1
1158.1
1152.1
5172.1
65010.2
65010.1
65010.3
54675.1
10559.1
55907.1
8034.1
8824.1
51805.1
51004.2
51004.1
10229.1
2650.1
9245.1
51301.1
192134.1
386757.1
6535.1
1384.1
6583.1
1431.2
1431.1
54677.1
1384.2
1384.3
8140.1
23428.1
23428.2
1036.1
124935.1
23657.1
57379.1
978.1
7371.1
83549.1
51727.1
129607.1
160851.1
8526.1
1606.1
8527.1
1607.1
1608.1
1609.1
8525.3
9162.1
8527.2
8525.1
160851.2
8525.2
1607.2
1610.1
51022.2
2745.1
51022.1
8528.1
8528.2
10455.1
1632.1
1633.1
1638.1
6319.1
9415.1
3992.1
8694.1
84649.1
1716.1
1716.3
1716.4
1716.2
1716.5
6513.1
6517.1
6515.1
1718.1
1581.1
1717.1
8560.2
8560.1
123099.1
11309.1
6783.1
1723.1
1809.1
1808.1
1807.1
23539.1
2224.1
29958.1
60386.1
84920.1
79087.1
26002.1
1621.1
7299.1
6530.1
6531.1
6581.1
669.1
669.2
5224.2
5224.1
5223.1
4597.1
51071.1
1806.1
7083.1
7084.1
1854.1
3704.1
10682.1
1892.1
549.1
1962.1
1891.1
11001.1
28231.1
53919.1
10257.1
28232.1
2109.2
2108.1
2109.1
2110.1
55500.1
55224.1
8790.1
51086.1
2181.1
2180.1
2181.2
2182.1
81616.1
51703.1
23305.1
2182.2
116285.1
5167.1
5169.1
6785.1
60481.1
54898.1
79071.1
1579.1
2194.1
10999.1
376497.2
11000.1
376497.1
230.1
226.1
229.1
226.2
226.3
5208.1
5207.1
2203.1
5210.1
5209.1
8789.1
2235.2
2235.1
10840.1
79901.1
197258.1
125061.1
1719.1
2356.1
155184.1
29988.1
66035.1
6518.1
6514.1
160428.1
25902.1
4522.1
2519.1
2517.1
2184.1
2271.1
2523.1
2525.1
10690.1
2683.1
9334.1
8704.2
8703.1
8704.1
2820.1
5832.1
9563.1
2539.1
2542.1
2593.1
2593.2
9514.1
5476.1
2720.1
4758.1
2588.1
2581.1
2583.1
55454.1
55790.1
79586.1
337876.1
22856.1
63917.1
11226.1
55568.2
2589.1
51809.1
8693.1
55568.1
2591.1
117248.1
26290.1
114805.1
79695.1
50614.1
79623.1
2590.1
11227.1
81031.1
126792.1
11285.1
8972.1
2618.2
2618.1
175.1
2629.4
2629.5
2629.3
2629.1
2629.2
26301.1
4329.1
7915.2
7915.1
2731.1
275.1
2653.1
2651.1
55343.1
7264.1
8836.1
79017.1
8908.1
2992.1
2997.1
2998.1
2687.1
6472.1
6470.1
6470.2
2717.1
2632.1
2990.1
8372.1
26035.1
54480.1
2131.1
2132.2
2132.1
27087.1
26229.1
135152.1
27087.2
4669.1
64579.1
9348.1
8509.1
3340.1
2137.1
2135.1
2134.1
144195.1
154091.1
11182.1
56606.1
56606.2
6523.1
178.2
178.1
178.5
178.4
178.3
178.6
5837.1
5834.1
5836.1
2729.1
2730.1
2746.1
2747.1
10841.2
10841.1
27165.1
2744.1
27165.2
79751.1
83733.1
2639.2
2639.1
57084.1
57030.1
246213.1
51179.2
54363.1
51179.1
2628.1
9380.1
2712.1
2713.1
2710.2
2710.1
3029.1
6536.2
6536.1
5226.1
27232.1
57678.1
284098.1
80055.1
54965.1
93183.1
2936.1
2876.1
7001.1
5052.3
2879.1
2876.2
7001.2
5052.2
2877.1
7001.3
5052.1
257202.1
2878.1
2882.1
10935.1
10935.2
2937.1
2678.2
2679.1
2678.3
2678.1
2983.1
4881.1
3000.1
2974.1
4882.2
2986.1
2982.1
2984.1
2977.1
4882.1
9615.1
763.1
11238.1
23556.1
23556.2
55650.1
53905.1
53905.2
50506.1
343.1
5281.1
5281.2
84720.2
84720.1
54872.1
80235.1
128869.1
10026.1
51604.1
94005.1
8733.1
3028.1
3033.1
3037.1
3038.2
3038.1
3036.1
27235.1
6522.1
83697.1
6521.1
6508.1
6508.2
2645.1
3098.1
3098.3
3099.1
3098.2
2645.3
2645.2
80201.1
3098.5
3098.4
3101.1
3081.1
11112.1
3067.1
496.1
495.1
8942.1
3157.2
3157.1
3158.1
54511.1
3155.1
3162.1
3163.1
26062.1
197257.1
197257.2
6448.1
3290.1
3290.2
3291.1
7923.1
3292.1
3294.1
51478.1
3283.1
3284.1
80270.1
57026.1
3419.1
3421.2
3421.1
3420.1
3420.3
3420.2
3417.1
3418.1
7173.1
7173.4
7173.2
7173.3
7173.5
3425.1
587.1
8501.1
55586.1
114134.1
6526.1
3422.1
91734.1
160728.1
8801.1
8802.1
8803.1
9990.1
6560.1
10723.1
57468.1
3795.1
3795.2
84679.1
23315.1
8564.1
3938.1
53.1
3931.1
387775.1
124637.1
366.1
11283.1
4047.1
1178.1
5321.1
29124.1
51268.1
4023.1
1056.1
3990.1
80339.1
11343.2
11343.1
50487.1
9227.1
6309.1
4048.1
4258.1
4259.1
4056.2
4056.1
2954.2
2954.1
2954.3
2548.1
56922.1
64087.1
23417.1
4357.1
4190.1
4191.1
4200.1
4199.1
10873.1
3620.1
1545.1
1543.1
1557.1
1544.1
27430.1
27430.2
4144.1
4143.1
4548.1
4598.1
8867.2
3635.1
3632.1
8867.1
3636.1
27124.2
27124.1
3633.1
56623.1
3628.1
3706.1
3707.1
80271.1
51477.1
8821.1
3631.1
3631.2
2595.1
84693.1
4594.1
80168.1
116255.1
4507.1
10797.1
56913.1
91703.1
443.1
4668.1
9498.1
57282.1
6528.1
482.1
476.1
480.1
483.1
23439.1
477.1
481.1
478.1
6549.1
6550.1
6548.1
84735.1
55748.1
6559.1
57419.1
123041.2
123041.1
9187.1
25769.1
123041.3
124583.1
79077.1
9583.1
1841.1
4832.1
4830.1
29922.1
10201.1
4830.2
29922.2
4831.1
4833.1
57127.1
6005.1
6557.1
6558.1
349565.1
64802.1
23057.1
23057.2
10135.1
4837.1
5409.1
4843.2
4846.1
201288.1
4842.1
4843.1
645740.1
4860.1
6580.1
55808.1
30833.1
5251.1
56953.1
4907.1
3704.2
6476.1
5009.1
5019.1
64064.1
1629.1
594.1
594.2
593.1
26873.1
4942.1
7372.1
10861.2
10861.1
1811.1
10861.3
1836.1
1583.1
1584.1
1585.1
1586.1
1588.1
1588.2
1576.1
1589.1
1593.1
1548.1
1553.1
1562.1
1558.1
1558.2
1559.1
1565.1
1572.1
51302.1
64816.3
64816.2
64816.1
1577.1
1551.1
10858.1
66002.1
8529.1
4051.1
9420.1
1582.1
5831.1
5831.2
5050.1
5051.1
5049.1
5048.1
7941.1
347734.1
57194.1
5337.1
5338.1
130013.1
5091.2
5091.1
5244.2
5244.3
5244.1
5136.2
5142.1
5137.1
5151.3
50940.1
5151.2
5139.1
5140.2
27115.1
5151.5
5144.1
5153.1
5151.1
5150.2
5138.1
8622.1
5141.1
5143.1
5140.1
10846.1
5150.1
5136.1
5151.4
5152.5
5148.1
5152.13
5152.6
5152.10
8654.3
5152.7
5152.12
5152.4
5145.1
5152.16
5147.1
5146.1
5152.14
8654.2
5152.11
5152.19
5152.3
8654.1
5158.1
5149.1
5152.18
5152.2
5152.20
5152.17
5152.15
5152.1
1737.1
5162.1
5160.1
5161.1
55163.1
10396.1
5105.1
5106.1
8310.1
5833.1
10400.3
10400.2
10400.1
26227.1
5730.1
27306.1
9536.1
9536.2
80142.3
80142.4
80142.2
80142.1
5740.1
114971.1
9489.1
5743.1
5742.1
6898.1
5053.1
5264.1
5728.1
8871.1
8395.1
8394.1
23396.1
5297.1
55361.1
5298.1
5295.2
5295.1
5295.3
23533.1
5290.1
5293.1
5296.1
8503.1
5291.1
5294.1
10870.1
4952.2
4952.1
23236.1
9651.1
5336.1
5335.1
5334.1
5331.1
257068.1
84812.1
5330.1
5335.2
23007.1
23236.2
51196.1
5332.2
113026.1
5333.1
5332.1
89869.1
5288.1
5286.1
5287.1
8396.1
200576.1
200576.3
5305.1
79837.1
200576.2
8396.2
5289.1
5277.1
51227.2
8818.1
9091.2
8818.2
5277.3
51227.3
5277.2
5279.1
5283.1
51227.1
5279.2
9091.1
123745.1
8398.1
64600.1
8398.2
81579.1
100137049.1
5322.1
5320.1
8399.1
30814.1
26279.1
5319.1
10654.1
117283.1
9807.1
9807.2
51447.5
51447.2
51447.4
51447.6
51447.3
51447.1
8876.1
8875.1
55350.1
8875.2
55350.2
55350.3
27068.1
27068.3
27068.2
27068.4
8613.1
8611.1
8612.1
8611.2
5498.1
8288.1
9588.1
4353.1
6820.2
5625.1
6578.1
23761.1
9791.1
81490.1
10005.3
10005.1
10965.1
10005.2
122970.1
5805.1
6303.1
112483.1
8566.1
151531.1
7378.2
7378.1
2944.1
2944.2
64080.1
5959.1
8608.1
112724.1
157506.1
51109.1
57665.1
195814.1
145226.1
50700.1
8228.1
113278.1
54981.1
6482.1
6484.1
6483.1
6482.2
10090.1
9653.1
3423.2
3423.1
222537.1
9957.1
9951.1
9956.1
9955.1
9953.1
64711.1
55501.1
113189.1
50515.1
166012.1
411.1
411.2
23563.1
4166.1
10164.1
23563.2
9435.1
8534.1
9469.1
56548.1
266722.1
9394.1
90161.2
90161.1
2799.1
10157.1
118881.1
3176.1
1757.1
81537.1
6652.1
6342.1
9056.1
55304.1
9517.1
10558.1
2098.1
8879.1
8869.1
56848.1
8877.1
130752.1
339221.1
55627.1
55512.2
55512.1
6609.1
6610.1
259230.1
116369.1
115111.2
115111.1
116369.2
115019.1
284129.1
115019.2
26266.1
6646.1
6649.1
6648.1
6647.1
6697.1
6723.1
6611.1
6713.1
2222.1
6715.1
6716.1
15.1
6532.1
6487.5
6487.8
6487.6
6487.1
6487.4
6487.3
6487.7
6487.10
6487.11
6487.9
6487.2
10402.1
10610.1
81849.1
256435.1
30815.1
6489.1
29906.1
412.1
6391.1
6390.1
6392.1
6389.1
6821.1
6533.1
5092.2
5092.1
23530.2
23530.1
79178.1
6567.1
1890.1
55217.1
7296.1
7296.3
7296.4
7296.2
11181.1
80162.1
7166.1
121278.1
169355.1
6999.1
6561.1
6916.1
7054.1
7054.2
7054.3
7306.1
10020.1
29880.1
7355.1
7358.1
23169.1
80146.1
5168.1
84912.1
3906.1
7357.1
11046.1
54576.1
54575.1
54657.1
54659.1
54658.1
54577.1
54600.1
54579.1
54578.1
7364.1
54490.1
7367.1
7365.1
10720.1
7366.1
7363.1
54963.1
7498.1
9942.1
64132.1
64131.1
51181.1
64077.1
5464.1
10724.1
94033.1
2495.1
1356.1
2512.1
1727.1
51706.1
51700.1
10587.1
80347.1
84618.1
22978.1
51251.1
93034.1
100526794.1
353.1
3251.1
56954.1
5313.1
728441.1
124975.1
91227.1
102724197.1
92086.1
2686.1
5211.1
1491.1
2819.1
29925.1
29926.1
102724560.1
875.1
249.1
22934.1
2766.1
51292.1
57571.1
8833.1
5538.1
9374.1
641371.1
11332.1
55825.1
51102.1
37.1
33.1
132158.1
641649.1
93100.1
23475.1
50484.1
6240.1
6241.1
3156.1
79966.1
10588.1
84890.1
80025.1
53354.1
55229.1
79646.1
83594.1
7263.1
26275.1
29920.1
7389.1
1595.1
130367.1
10478.1
23443.1
64240.1
64241.1
284111.1
8435.1
3988.1
377677.1
767.1
765.1
759.1
760.1
23632.1
766.1
771.1
768.1
762.1
10057.1
6556.1
6568.1
7779.1
54020.1
215.1
5825.1
641372.1
9045.1
4017.1
84105.1
25830.1
84569.1
4025.1
54995.1
93492.1
1267.1
10249.1
1573.1
1580.1
199974.1
260293.1
1555.1
1549.1
57834.1
29785.1
1215.1
1357.1
93979.1
57094.1
1358.1
7177.1
64499.1
23430.1
1636.1
9365.1
9331.1
7368.1
5315.1
26063.1
1666.1
874.1
10901.1
126410.1
2053.1
8897.2
8898.1
8897.1
8897.3
2880.1
9152.1
9497.1
115584.1
6575.1
6574.1
142680.1
6534.1
3293.1
1622.1
225.1
28965.1
23205.1
26061.1
54716.1
6564.1
113235.1
1200.1
2168.1
51056.1
9390.1
5184.1
4891.1
30061.1
248.1
4524.1
65263.1
25796.1
28982.1
6120.2
6120.1
10864.1
9376.1
9356.1
348932.1
120103.1
1080.1
85320.1
222962.1
10351.1
9429.1
55867.1
364.1
89872.1
360.1
21.1
24.1
10057.2
125206.1
200010.1
6524.1
159963.1
55065.1
79581.1
3767.1
6833.1
10060.1
3764.1
5947.1
64220.1
5950.1
5948.1
949.1
29881.1
2350.1
3248.1
166929.1
56261.1
3658.1
203.1
122481.1
159.1
122622.2
122622.1
11212.1
383.1
1371.1
1503.1
56474.1
1491.2
2987.1
5860.1
9453.1
2027.1
2026.1
2023.1
2027.2
9843.1
80308.1
80308.2
7360.1
7360.2
26330.1
2597.1
9945.1
2673.1
2752.1
51557.1
1800.1
2762.1
2643.1
766.2
771.2
761.1
359.1
4284.1
361.1
358.1
362.1
3145.1
586.1
3614.1
3614.2
3615.1
682.1
29925.2
29926.2
4351.1
441024.1
100287639.1
65220.1
389015.1
6553.1
2821.1
5230.1
5232.1
375056.1
5236.1
55276.1
5373.1
5372.1
80025.2
80025.3
53354.3
80025.4
53354.2
210.2
210.1
60490.1
79717.1
58510.1
153201.1
5634.1
5631.1
221823.2
221823.1
29968.2
29968.1
8781.1
5723.1
55312.1
6888.1
79896.1
84076.1
7086.1
8277.1
27010.1
7167.1
286016.1
2582.2
2582.1
6675.1
91373.1
7390.1
8170.1
6563.1
374569.1
100507855.1
31.3
31.2
31.5
31.4
31.1
93034.2
55191.1
132.1
132.2
97.2
97.1
98.1
112611.1
51005.1
471.1
435.1
171425.1
171425.2
10007.1
132789.1
2584.1
2585.2
2585.1
2592.3
2592.2
2592.1
5471.1
84264.2
84264.1
3034.1
144193.1
2739.1
3613.1
3612.1
8776.1
2978.1
4953.1
5214.1
5211.2
5213.1
6569.1
10050.1
10568.1
10786.1
10246.1
5198.1
5313.2
5315.3
5315.2
113675.1
7298.1
131669.1
5973.1
1635.1
286297.1
10560.1
191.1
10768.1
10768.2
25874.1
51660.1
57198.1
5205.1
23250.1
286410.1
5243.1
55856.1
7350.1
26027.1
10058.1
51458.1
948.1
10928.1
1728.1
2946.1
125981.1
55331.1
340485.1
2760.1
5660.1
57704.1
4759.1
10825.1
7903.1
5407.1
119548.1
5408.1
221955.1
9388.1
13.1
57104.1
3991.1
747.1
8513.1
5406.1
2170.1
2171.1
2167.1
2172.1
646480.1
2173.1
646486.1
2169.1
6296.1
341392.1
54988.1
123876.1
348158.1
344967.1
154141.1
51099.1
253558.1
84513.1
64748.1
9890.1
9663.1
196051.1
79948.1
23175.1
64900.1
85465.1
122618.1
201164.1
23646.1
590.1
55750.1
91012.1
204219.1
10715.1
253782.1
29956.1
79603.1
56624.1
55757.1
145173.1
644974.1
56886.1
152586.1
55830.1
170384.1
283358.1
148789.1
2526.1
84750.1
644378.1
55624.1
83468.1
168391.1
338707.1
146664.1
360203.1
56983.1
3703.1
124872.1
8473.1
8708.1
2529.1
8702.1
8707.1
200810.1
84752.1
201595.1
140687.1
51228.1
284004.1
79411.1
27090.1
129807.1
2524.1
2528.1
2527.1
113612.1
493869.1
64180.1
64174.1
10728.1
11102.1
91179.1
8644.1
10826.1
266740.1
3930.1
4645.1
3069.1
4864.1
285440.1
79644.1
1646.1
51170.1
51144.1
8630.1
158160.1
83401.1
64834.1
79993.1
401494.1
192286.1
201562.1
9200.1
51495.1
253017.1
9524.1
283985.1
3995.1
1155.1
114571.1
123096.1
57016.1
55277.1
79707.1
64122.1
9917.1
79672.1
92370.1
390928.1
93650.1
139596.1
55066.1
283208.1
5033.1
8974.1
8041.1
58478.1
55256.1
259307.1
81894.1
51312.1
138639.1
23203.1
9896.1
374462.1
163404.1
22908.1
22876.1
84814.1
51559.1
29085.1
64419.1
145553.1
51496.1
8446.1
9107.1
23371.1
9108.1
55613.1
403313.1
9562.1
3705.1
138429.1
10170.1
9249.1
220074.1
1733.1
1735.1
1734.1
6819.1
27284.1
84274.1
4297.1
55904.1
55870.1
79723.1
79813.1
387893.1
8085.1
58508.1
9869.1
9757.1
80854.1
9739.1
64754.1
84444.1
10919.1
64324.1
23067.1
6839.1
83852.1
54904.1
84787.1
29072.1
7468.1
51111.1
6419.1
90701.1
9789.1
23478.1
28972.1
60559.1
57171.1
4249.1
25834.1
137902.1
7837.1
9677.1
23262.1
26007.1
158584.1
283209.1
1066.1
23491.1
221223.1
1208.1
55244.1
146802.1
345274.1
116085.1
123688.1
56898.1
51171.1
84869.1
51741.1
10202.1
1487.1
93517.1
121214.1
10553.1
100288072.1
374875.1
441282.1
340811.1
133121.1
85007.1
250.1
251.1
123264.1
200931.1
10941.1
79799.1
0
5446.1
10476.2
518.3
498.3
516.2
522.4
515.2
9551.3
27109.1
267020.1
509.1
513.1
498.1
9551.2
515.3
4905.1
522.5
514.1
517.1
10476.1
521.1
522.2
509.2
10632.1
516.1
522.3
515.1
506.1
522.1
514.2
513.2
498.2
518.1
9551.1
517.2
539.1
518.2
29796.1
4519.1
1537.1
7381.1
10975.1
27089.1
7384.1
29796.2
7386.1
7388.1
7385.1
9481.1
9016.2
7351.1
7352.1
7352.2
9016.1
4700.1
4535.1
4540.1
4541.1
4729.1
126328.1
4717.1
4719.1
7991.1
4539.1
4707.1
7991.2
4705.1
4536.1
4713.1
4538.1
4731.2
4695.1
4708.1
4731.1
4711.1
4723.1
4706.1
4701.1
4724.1
4696.1
4718.1
4698.1
4537.1
55967.1
4728.1
4715.1
51079.1
54539.1
4714.1
4720.1
4712.1
4722.1
4704.1
4694.1
4712.2
4702.1
4709.1
4725.1
4710.1
4697.1
4726.1
4716.1
374291.1
1345.1
1340.1
1329.1
4514.1
4513.1
341947.1
1327.1
1351.1
1349.1
1346.1
1347.1
9377.1
1337.1
4512.1
1350.1
9167.1
125965.1
1339.1
170712.1
84701.1
